13 2 15
2 6 8
17 19 36
10 1 11
0 17 17
15 9 24
0 14 14
0 15 15
19 14 33
4 0 4
16 4 20
17 3 20
2 20 22
7 2 9
20 15 35
16 7 23
9 3 12
20 6 26
1 2 3
1 12 13
8 3 11
10 5 15
0 11 11
2 10 12
13 18 31
4 15 19
11 12 23
20 6 26
13 19 32
16 6 22
14 20 34
7 11 18
7 1 8
11 5 16
18 20 38
17 12 29
18 17 35
1 19 20
12 9 21
16 17 33
3 3 6
11 7 18
9 2 11
3 11 14
3 19 22
6 9 15
14 6 20
19 6 25
12 6 18
17 14 31
10 3 13
20 3 23
1 15 16
13 16 29
5 8 13
13 14 27
15 8 23
13 17 30
0 3 3
1 19 20
4 7 11
6 1 7
20 12 32
3 12 15
19 7 26
6 6 12
13 12 25
20 4 24
16 0 16
8 20 28
13 13 26
8 14 22
6 1 7
6 8 14
10 12 22
12 10 22
17 7 24
13 12 25
1 9 10
14 1 15
3 17 20
14 5 19
1 18 19
5 2 7
18 14 32
13 3 16
18 14 32
9 17 26
3 11 14
11 10 21
3 13 16
14 3 17
3 14 17
16 4 20
4 5 9
16 9 25
2 5 7
1 5 6
9 15 24
2 10 12
4 3 7
16 3 19
2 5 7
17 17 34
2 13 15
10 8 18
0 3 3
3 19 22
1 7 8
6 3 9
1 7 8
18 6 24
5 9 14
8 9 17
4 8 12
18 4 22
12 3 15
19 17 36
7 12 19
8 14 22
14 16 30
16 14 30
15 17 32
16 14 30
14 20 34
11 15 26
4 0 4
7 1 8
2 10 12
18 7 25
7 3 10
6 1 7
8 20 28
17 13 30
10 15 25
0 3 3
17 19 36
7 7 14
19 14 33
19 5 24
1 5 6
9 17 26
3 13 16
1 6 7
17 16 33
16 12 28
19 16 35
6 2 8
7 10 17
5 14 19
17 0 17
0 2 2
6 5 11
15 14 29
9 17 26
5 19 24
6 4 10
7 13 20
17 14 31
6 0 6
19 1 20
3 0 3
8 13 21
5 17 22
20 19 39
2 2 4
13 0 13
14 2 16
14 14 28
0 18 18
0 3 3
9 15 24
16 10 26
14 15 29
20 6 26
0 7 7
13 1 14
16 1 17
7 5 12
19 16 35
4 20 24
19 5 24
17 14 31
0 1 1
8 8 16
20 14 34
11 7 18
15 12 27
2 0 2
0 9 9
9 12 21
10 5 15
3 5 8
5 18 23
2 7 9
19 17 36
19 9 28
19 14 33
2 19 21
17 8 25
16 18 34
3 7 10
9 10 19
18 7 25
9 15 24
7 17 24
20 13 33
12 14 26
7 20 27
15 7 22
8 16 24
2 20 22
3 7 10
19 0 19
13 7 20
6 6 12
15 10 25
0 19 19
18 15 33
20 19 39
19 9 28
17 8 25
0 1 1
20 18 38
15 20 35
19 20 39
6 2 8
7 15 22
7 20 27
10 7 17
4 16 20
7 14 21
11 10 21
10 15 25
3 20 23
17 1 18
7 2 9
12 10 22
7 8 15
9 15 24
10 20 30
13 4 17
4 7 11
7 9 16
9 14 23
20 1 21
8 12 20
17 0 17
0 14 14
20 15 35
4 5 9
19 13 32
4 14 18
6 11 17
2 18 20
20 19 39
2 20 22
8 0 8
15 6 21
8 8 16
15 5 20
0 20 20
12 0 12
8 16 24
5 13 18
6 6 12
4 4 8
0 17 17
9 16 25
7 14 21
13 20 33
14 18 32
3 5 8
20 2 22
13 9 22
9 4 13
9 6 15
5 7 12
19 17 36
3 3 6
8 3 11
12 7 19
17 1 18
6 14 20
4 14 18
0 9 9
19 14 33
5 19 24
19 8 27
15 16 31
17 7 24
2 3 5
5 11 16
5 0 5
18 5 23
14 8 22
14 9 23
7 4 11
12 1 13
8 15 23
20 2 22
7 13 20
17 6 23
18 6 24
12 10 22
16 15 31
19 18 37
2 9 11
5 5 10
16 13 29
16 9 25
13 14 27
3 1 4
13 14 27
18 13 31
14 5 19
0 17 17
16 7 23
7 15 22
5 11 16
8 1 9
5 6 11
7 16 23
20 17 37
20 2 22
14 2 16
1 0 1
11 17 28
1 11 12
15 19 34
13 7 20
7 13 20
13 13 26
1 3 4
18 3 21
8 15 23
14 16 30
3 3 6
14 11 25
6 3 9
5 15 20
8 12 20
20 10 30
15 13 28
13 5 18
17 13 30
18 7 25
12 1 13
12 11 23
17 1 18
9 2 11
11 3 14
4 18 22
11 16 27
10 7 17
9 8 17
5 16 21
11 5 16
10 17 27
15 3 18
0 0 0
14 16 30
10 18 28
17 18 35
19 0 19
15 19 34
14 4 18
8 0 8
14 0 14
16 11 27
2 4 6
15 10 25
1 9 10
13 8 21
20 20 40
17 19 36
18 7 25
15 16 31
6 2 8
13 19 32
20 15 35
2 13 15
4 7 11
12 15 27
0 3 3
12 19 31
17 18 35
17 19 36
10 0 10
20 13 33
4 10 14
20 6 26
13 3 16
3 12 15
7 20 27
1 7 8
13 20 33
10 16 26
14 17 31
18 11 29
3 11 14
0 11 11
8 12 20
18 4 22
17 9 26
6 16 22
3 5 8
18 7 25
12 9 21
5 20 25
20 13 33
16 18 34
13 2 15
16 1 17
1 0 1
14 2 16
9 3 12
14 3 17
6 11 17
4 15 19
8 6 14
4 16 20
20 16 36
16 5 21
15 8 23
0 8 8
17 6 23
11 4 15
7 18 25
12 5 17
4 6 10
3 16 19
4 9 13
9 16 25
2 7 9
16 19 35
6 20 26
1 5 6
19 15 34
9 16 25
8 10 18
15 13 28
11 2 13
20 10 30
14 13 27
16 3 19
2 3 5
6 18 24
14 8 22
20 4 24
12 16 28
0 19 19
11 15 26
4 11 15
17 20 37
12 18 30
17 4 21
1 12 13
8 1 9
17 2 19
11 15 26
8 11 19
13 19 32
3 20 23
19 19 38
6 14 20
17 6 23
2 7 9
7 0 7
10 20 30
6 12 18
1 1 2
20 15 35
0 6 6
7 6 13
14 8 22
11 18 29
20 16 36
5 8 13
6 15 21
20 2 22
4 16 20
16 10 26
9 0 9
9 15 24
5 19 24
12 10 22
15 17 32
8 19 27
7 9 16
1 4 5
9 19 28
4 4 8
4 0 4
15 16 31
10 15 25
12 8 20
4 16 20
15 17 32
13 15 28
6 2 8
12 6 18
20 18 38
15 4 19
7 14 21
8 17 25
19 3 22
12 11 23
1 5 6
5 2 7
20 16 36
19 12 31
15 1 16
15 7 22
6 5 11
11 13 24
14 2 16
8 17 25
10 2 12
14 4 18
7 9 16
13 2 15
17 6 23
5 3 8
11 1 12
5 5 10
14 20 34
19 12 31
10 3 13
20 1 21
13 5 18
11 13 24
13 18 31
17 16 33
11 2 13
4 8 12
20 0 20
11 3 14
2 5 7
0 16 16
2 18 20
2 8 10
17 0 17
10 0 10
18 5 23
20 4 24
17 12 29
14 19 33
15 4 19
18 8 26
19 10 29
6 18 24
8 0 8
0 7 7
17 1 18
15 6 21
0 8 8
11 11 22
16 16 32
10 18 28
8 9 17
20 10 30
19 11 30
6 17 23
14 5 19
16 4 20
14 15 29
18 2 20
2 14 16
15 7 22
5 4 9
14 15 29
13 20 33
16 6 22
4 20 24
13 7 20
13 1 14
14 2 16
3 1 4
2 20 22
14 2 16
8 8 16
3 19 22
10 9 19
9 3 12
16 10 26
14 11 25
6 12 18
2 20 22
13 2 15
12 5 17
10 10 20
3 17 20
1 4 5
2 2 4
20 20 40
9 11 20
4 11 15
14 12 26
2 4 6
11 5 16
3 13 16
14 4 18
7 1 8
1 7 8
10 16 26
18 5 23
9 1 10
14 13 27
12 20 32
16 10 26
1 20 21
15 1 16
19 7 26
3 20 23
9 11 20
5 10 15
4 19 23
14 12 26
4 5 9
20 0 20
15 16 31
0 16 16
1 20 21
7 0 7
1 12 13
13 2 15
11 18 29
8 3 11
4 20 24
4 11 15
12 10 22
2 20 22
10 16 26
9 14 23
16 11 27
3 6 9
12 13 25
10 2 12
10 14 24
13 17 30
5 19 24
0 16 16
16 7 23
17 11 28
14 3 17
3 15 18
6 16 22
14 16 30
8 0 8
19 13 32
12 7 19
1 9 10
6 16 22
14 11 25
19 6 25
11 0 11
7 1 8
19 14 33
1 11 12
17 6 23
9 1 10
2 13 15
15 12 27
3 18 21
17 20 37
6 13 19
12 15 27
17 19 36
12 7 19
3 5 8
17 16 33
19 12 31
1 7 8
1 14 15
4 15 19
15 13 28
9 9 18
13 13 26
2 19 21
14 19 33
17 5 22
0 11 11
6 3 9
19 16 35
2 15 17
14 1 15
4 20 24
2 11 13
15 11 26
20 12 32
18 11 29
11 15 26
17 9 26
2 8 10
20 16 36
1 4 5
10 20 30
4 1 5
17 4 21
9 6 15
12 1 13
7 2 9
20 9 29
2 14 16
9 14 23
8 20 28
15 19 34
12 0 12
3 6 9
17 3 20
20 6 26
16 18 34
13 19 32
7 9 16
6 0 6
8 1 9
3 6 9
4 1 5
15 13 28
8 5 13
12 15 27
18 4 22
8 1 9
4 11 15
9 9 18
18 10 28
11 16 27
0 3 3
4 13 17
13 20 33
2 17 19
2 10 12
6 13 19
15 4 19
20 12 32
15 13 28
6 9 15
7 16 23
2 18 20
1 2 3
17 14 31
14 8 22
12 16 28
12 17 29
11 4 15
12 10 22
15 12 27
3 18 21
0 13 13
1 4 5
16 6 22
8 15 23
13 0 13
1 5 6
2 1 3
10 20 30
6 9 15
14 1 15
3 6 9
0 7 7
6 16 22
19 5 24
2 16 18
10 19 29
8 8 16
20 19 39
13 5 18
19 14 33
17 19 36
2 20 22
7 19 26
11 4 15
0 8 8
16 2 18
17 5 22
11 5 16
3 20 23
18 2 20
13 1 14
10 8 18
5 8 13
17 19 36
16 20 36
20 10 30
8 18 26
20 2 22
1 2 3
19 16 35
20 10 30
16 11 27
2 13 15
6 7 13
18 1 19
6 15 21
0 13 13
2 13 15
17 2 19
5 12 17
10 4 14
10 1 11
11 0 11
17 7 24
20 18 38
1 16 17
7 18 25
3 9 12
10 13 23
13 10 23
10 3 13
9 13 22
17 16 33
5 4 9
18 5 23
10 11 21
2 14 16
3 12 15
13 13 26
5 10 15
2 8 10
14 6 20
3 11 14
14 17 31
7 14 21
5 16 21
18 0 18
20 20 40
7 13 20
6 8 14
10 2 12
14 20 34
19 4 23
4 15 19
5 6 11
14 17 31
8 13 21
14 2 16
18 6 24
10 1 11
0 5 5
2 13 15
18 4 22
20 10 30
3 4 7
11 14 25
0 6 6
19 8 27
19 16 35
3 2 5
15 8 23
16 6 22
15 12 27
17 7 24
1 10 11
13 19 32
15 10 25
18 8 26
8 1 9
7 6 13
3 20 23
3 15 18
3 8 11
2 9 11
3 8 11
0 0 0
8 2 10
10 18 28
0 5 5
13 17 30
10 19 29
17 19 36
19 19 38
9 12 21
17 8 25
14 15 29
3 11 14
14 10 24
0 20 20
14 7 21
9 5 14
6 20 26
5 14 19
11 6 17
19 14 33
4 2 6
7 12 19
17 17 34
17 18 35
16 7 23
20 3 23
5 15 20
4 9 13
9 10 19
7 4 11
9 10 19
9 17 26
2 1 3
12 13 25
2 18 20
15 17 32
14 12 26
11 11 22
5 6 11
5 0 5
3 17 20
6 16 22
11 11 22
6 5 11
6 3 9
3 7 10
3 16 19
8 3 11
9 5 14
5 3 8
17 14 31
2 19 21
10 3 13
7 5 12
17 0 17
4 12 16
11 4 15
17 0 17
1 2 3
16 8 24
9 8 17
19 17 36
13 20 33
17 5 22
5 20 25
19 2 21
15 11 26
3 13 16
2 7 9
12 19 31
18 5 23
2 17 19
8 17 25
8 3 11
17 18 35
13 5 18
1 12 13
10 4 14
16 13 29
15 9 24
20 12 32
19 6 25
1 6 7
12 7 19
18 4 22
6 6 12
3 19 22
19 11 30
5 14 19
0 0 0
3 17 20
18 16 34
6 11 17
8 15 23
0 11 11
14 17 31
20 18 38
8 8 16
19 9 28
9 17 26
8 18 26
0 10 10
20 8 28
4 5 9
3 12 15
6 3 9
4 12 16
11 16 27
7 16 23
5 20 25
17 4 21
11 18 29
15 18 33
5 1 6
1 10 11
13 3 16
4 9 13
17 10 27
9 16 25
13 16 29
5 3 8
15 0 15
10 19 29
13 3 16
10 20 30
16 4 20
11 8 19
9 13 22
15 7 22
8 20 28
20 9 29
4 16 20
4 9 13
12 0 12
4 5 9
11 2 13
