14 3 17
3 7 10
18 20 38
11 2 13
1 18 19
16 10 26
1 15 16
1 16 17
20 15 35
5 1 6
17 5 22
18 4 22
3 8 11
3 16 19
17 8 25
10 4 14
7 2 9
3 2 5
13 9 22
4 11 15
6 1 7
12 3 15
11 14 25
19 5 24
16 12 28
13 7 20
14 20 34
17 7 24
15 8 23
12 8 20
2 12 14
6 19 25
18 13 31
19 18 37
2 20 22
13 10 23
17 18 35
4 4 8
12 8 20
10 3 13
4 12 16
4 20 24
7 10 17
15 7 22
20 7 27
13 7 20
18 15 33
11 4 15
4 2 6
16 14 30
17 6 23
9 14 23
15 16 31
9 14 23
18 1 19
4 2 6
20 5 25
8 7 15
2 13 15
4 13 17
20 8 28
7 7 14
14 13 27
5 17 22
1 9 10
14 14 28
9 15 24
7 2 9
7 9 16
11 13 24
13 11 24
18 8 26
14 13 27
2 10 12
15 2 17
4 18 22
15 6 21
2 19 21
6 3 9
19 15 34
14 4 18
19 15 34
10 18 28
4 12 16
12 11 23
4 14 18
15 4 19
4 15 19
17 5 22
5 6 11
17 10 27
3 6 9
2 6 8
10 16 26
3 11 14
5 4 9
17 4 21
3 6 9
18 18 36
3 14 17
11 9 20
1 4 5
4 20 24
2 8 10
7 4 11
2 8 10
19 7 26
6 10 16
9 10 19
5 9 14
19 5 24
13 4 17
20 18 38
8 13 21
9 15 24
15 17 32
17 15 32
16 18 34
17 15 32
15 12 27
16 5 21
1 8 9
2 3 5
11 19 30
8 8 16
4 7 11
2 9 11
18 14 32
11 16 27
1 4 5
18 20 38
8 8 16
20 15 35
20 6 26
2 6 8
10 18 28
4 14 18
2 7 9
18 17 35
17 13 30
20 17 37
7 3 10
8 11 19
6 15 21
18 1 19
1 3 4
7 6 13
16 15 31
10 18 28
6 20 26
7 5 12
8 14 22
18 15 33
7 1 8
20 2 22
4 1 5
9 14 23
6 18 24
20 3 23
3 14 17
1 15 16
3 15 18
15 1 16
19 1 20
4 10 14
16 17 33
11 15 26
16 7 23
1 8 9
14 2 16
17 2 19
8 6 14
20 17 37
5 20 25
6 18 24
15 1 16
2 9 11
9 15 24
12 8 20
16 13 29
3 1 4
1 10 11
10 13 23
11 6 17
4 6 10
6 19 25
3 8 11
20 18 38
20 10 30
20 15 35
3 20 23
18 9 27
17 19 36
4 8 12
10 11 21
19 8 27
10 16 26
8 18 26
14 13 27
15 8 23
16 8 24
9 17 26
3 4 7
8 20 28
1 14 15
8 7 15
7 16 23
11 1 12
20 19 39
16 20 36
20 10 30
18 9 27
1 2 3
19 16 35
20 7 27
3 8 11
16 8 24
11 8 19
5 17 22
8 15 23
12 11 23
11 16 27
4 18 22
2 8 10
3 13 16
11 8 19
9 10 19
16 11 27
14 5 19
5 8 13
8 10 18
10 15 25
2 9 11
13 18 31
1 1 2
15 16 31
5 6 11
20 14 34
5 15 20
7 12 19
3 19 22
20 3 23
9 1 10
16 7 23
9 9 18
16 6 22
1 13 14
1 9 10
17 6 23
14 7 21
7 5 12
5 1 6
18 10 28
17 8 25
15 14 29
15 19 34
4 6 10
3 14 17
10 10 20
5 10 15
7 6 13
8 20 28
18 4 22
4 9 13
4 13 17
8 18 26
2 7 9
15 5 20
15 1 16
10 20 30
15 6 21
20 20 40
9 16 25
17 18 35
8 3 11
4 6 10
12 6 18
1 19 20
6 15 21
9 15 24
10 8 18
5 13 18
2 9 11
16 3 19
8 14 22
18 7 25
19 7 26
13 11 24
17 16 33
20 19 39
3 10 13
6 6 12
17 14 31
17 10 27
14 15 29
4 2 6
14 15 29
19 14 33
15 6 21
1 18 19
17 8 25
8 16 24
6 12 18
9 2 11
6 7 13
8 17 25
18 3 21
15 3 18
2 1 3
12 18 30
2 12 14
16 20 36
14 8 22
8 14 22
14 14 28
2 4 6
19 4 23
9 16 25
15 17 32
4 4 8
15 12 27
7 4 11
6 16 22
9 13 22
11 16 27
14 14 28
6 18 24
14 19 33
8 13 21
2 13 15
12 18 30
2 10 12
3 12 15
4 5 9
19 12 31
17 11 28
8 10 18
9 6 15
17 12 29
6 11 17
18 16 34
4 1 5
1 15 16
17 11 28
19 18 37
19 20 39
1 16 17
20 15 35
5 9 14
1 15 16
1 17 18
12 3 15
5 16 21
11 2 13
10 14 24
9 18 27
20 19 39
8 16 24
17 7 24
3 14 17
20 16 36
3 14 17
5 8 13
13 16 29
1 4 5
13 20 33
18 19 37
18 20 38
11 1 12
14 5 19
11 7 18
14 4 18
4 13 17
8 2 10
8 14 22
11 17 28
15 18 33
19 12 31
4 12 16
1 12 13
9 13 22
19 5 24
18 10 28
7 17 24
4 6 10
19 8 27
13 10 23
6 14 20
17 19 36
14 3 17
17 2 19
2 1 3
15 3 18
10 4 14
15 4 19
7 12 19
5 16 21
9 7 16
5 17 22
17 17 34
6 16 22
9 1 10
9 18 27
7 12 19
5 8 13
19 13 32
6 5 11
7 4 11
17 5 22
10 10 20
17 3 20
8 17 25
20 7 27
2 6 8
20 16 36
10 17 27
9 11 20
16 14 30
12 3 15
11 15 26
14 17 31
4 3 7
4 7 11
19 15 34
9 5 14
13 17 30
1 20 21
12 16 28
5 12 17
18 13 31
19 18 37
5 2 7
13 9 22
2 18 20
3 12 15
16 9 25
12 14 26
20 4 24
20 20 40
7 15 22
18 7 25
3 8 11
8 1 9
11 7 18
13 2 15
2 16 18
1 7 8
8 7 15
15 9 24
12 19 31
17 6 23
9 7 16
16 3 19
5 17 22
17 11 28
10 1 11
10 16 26
6 20 26
13 11 24
16 18 34
9 20 29
8 10 18
2 5 7
10 20 30
5 5 10
5 1 6
16 17 33
11 16 27
13 9 22
5 17 22
16 18 34
14 16 30
7 3 10
13 7 20
19 16 35
5 8 13
15 9 24
18 20 38
4 13 17
12 2 14
6 6 12
3 17 20
20 13 33
16 2 18
16 8 24
7 6 13
12 14 26
15 3 18
9 18 27
11 3 14
15 5 20
8 10 18
14 3 17
18 7 25
6 4 10
12 2 14
6 6 12
15 20 35
13 11 24
4 2 6
14 6 20
12 14 26
14 19 33
18 17 35
12 3 15
5 9 14
1 12 13
4 3 7
6 1 7
17 3 20
19 3 22
9 18 27
1 11 12
1 19 20
6 5 11
18 13 31
15 20 35
16 5 21
19 9 28
20 11 31
7 19 26
9 1 10
1 8 9
18 2 20
16 7 23
1 9 10
12 12 24
17 17 34
11 19 30
9 10 19
11 20 31
12 7 19
18 15 33
6 17 23
5 15 20
16 19 35
3 3 6
15 16 31
8 6 14
5 15 20
16 14 30
17 7 24
5 14 19
8 14 22
2 15 17
3 4 7
2 3 5
15 3 18
9 9 18
4 20 24
11 10 21
10 4 14
17 11 28
15 12 27
7 13 20
3 14 17
3 13 16
6 11 17
11 4 15
18 2 20
5 3 8
3 10 13
12 5 17
12 15 27
13 3 16
5 12 17
6 4 10
14 15 29
5 8 13
2 2 4
8 11 19
17 19 36
6 10 16
2 15 17
14 13 27
17 11 28
2 16 18
2 20 22
8 4 12
10 12 22
6 11 17
5 20 25
15 13 28
5 6 11
1 16 17
17 1 18
17 2 19
8 1 9
2 13 15
14 3 17
12 19 31
9 4 13
5 5 10
12 13 25
11 3 14
11 17 28
10 15 25
17 12 29
4 7 11
13 14 27
11 3 14
11 15 26
14 18 32
6 20 26
1 17 18
17 8 25
18 12 30
15 4 19
4 16 20
7 17 24
15 17 32
9 1 10
20 14 34
13 8 21
2 10 12
7 17 24
15 12 27
20 7 27
12 1 13
8 2 10
20 15 35
2 12 14
18 7 25
10 2 12
3 14 17
16 13 29
4 19 23
18 7 25
14 13 27
16 18 34
20 13 33
8 4 12
6 18 24
17 20 37
13 2 15
8 2 10
15 5 20
16 16 32
14 10 24
10 14 24
14 3 17
20 15 35
20 18 38
6 1 7
12 7 19
4 20 24
17 3 20
16 15 31
2 5 7
3 12 15
16 12 28
13 19 32
12 12 24
16 18 34
10 3 13
9 17 26
2 5 7
11 5 16
2 18 20
5 10 15
7 13 20
2 8 10
3 10 13
3 15 18
10 15 25
9 16 25
20 13 33
1 4 5
7 18 25
4 7 11
17 19 36
14 20 34
8 10 18
7 1 8
9 2 11
4 7 11
5 2 7
16 14 30
9 6 15
13 16 29
19 5 24
9 2 11
5 12 17
10 10 20
19 11 30
12 17 29
1 4 5
5 14 19
14 3 17
18 3 21
11 7 18
14 16 30
5 13 18
16 14 30
7 10 17
8 17 25
3 19 22
2 3 5
18 15 33
15 9 24
13 17 30
13 18 31
12 5 17
13 11 24
16 13 29
4 19 23
1 14 15
2 5 7
17 7 24
9 16 25
14 1 15
2 6 8
3 2 5
11 7 18
10 15 25
2 4 6
7 1 8
8 7 15
17 20 37
6 3 9
17 11 28
20 9 29
9 20 29
14 6 20
20 15 35
18 20 38
3 8 11
20 12 32
5 1 6
9 17 26
3 18 21
6 12 18
6 4 10
19 3 22
14 2 16
11 9 20
6 9 15
18 20 38
17 11 28
9 19 28
3 2 5
3 20 23
17 11 28
17 12 29
3 14 17
7 8 15
19 2 21
7 16 23
1 14 15
3 14 17
18 3 21
6 13 19
11 5 16
11 2 13
12 1 13
18 8 26
19 2 21
17 8 25
19 4 23
10 11 21
14 14 28
11 11 22
4 10 14
14 18 32
17 6 23
5 19 24
6 11 17
12 3 15
15 4 19
13 14 27
14 6 20
11 3 14
9 15 24
7 4 11
12 15 27
18 8 26
15 6 21
17 19 36
1 8 9
14 7 21
9 11 20
3 15 18
20 5 25
5 16 21
6 7 13
15 18 33
9 14 23
15 3 18
19 7 26
11 2 13
1 6 7
3 14 17
19 5 24
11 4 15
5 12 17
15 1 16
7 20 27
9 20 29
17 4 21
3 16 19
