13 2 15
2 6 8
17 19 36
10 1 11
0 17 17
15 9 24
0 14 14
0 15 15
19 14 33
4 0 4
16 4 20
17 3 20
2 7 9
2 15 17
16 7 23
9 3 12
6 1 7
2 1 3
12 8 20
3 10 13
5 0 5
11 2 13
10 13 23
18 4 22
15 11 26
12 6 18
13 19 32
16 6 22
14 7 21
11 7 18
1 11 12
5 18 23
17 12 29
18 17 35
1 19 20
12 9 21
16 17 33
3 3 6
11 7 18
9 2 11
3 11 14
3 19 22
6 9 15
14 6 20
19 6 25
12 6 18
17 14 31
10 3 13
3 1 4
15 13 28
16 5 21
8 13 21
14 15 29
8 13 21
17 0 17
3 1 4
19 4 23
7 6 13
1 12 13
3 12 15
19 7 26
6 6 12
13 12 25
4 16 20
0 8 8
13 13 26
8 14 22
6 1 7
6 8 14
10 12 22
12 10 22
17 7 24
13 12 25
1 9 10
14 1 15
3 17 20
14 5 19
1 18 19
5 2 7
18 14 32
13 3 16
18 14 32
9 17 26
3 11 14
11 10 21
3 13 16
14 3 17
3 14 17
16 4 20
4 5 9
16 9 25
2 5 7
1 5 6
9 15 24
2 10 12
4 3 7
16 3 19
2 5 7
17 17 34
2 13 15
10 8 18
0 3 3
3 19 22
1 7 8
6 3 9
1 7 8
18 6 24
5 9 14
8 9 17
4 8 12
18 4 22
12 3 15
19 17 36
7 12 19
8 14 22
14 16 30
16 14 30
15 17 32
16 14 30
14 11 25
15 4 19
0 7 7
1 2 3
10 18 28
7 7 14
3 6 9
1 8 9
17 13 30
10 15 25
0 3 3
17 19 36
7 7 14
19 14 33
19 5 24
1 5 6
9 17 26
3 13 16
1 6 7
17 16 33
16 12 28
19 16 35
6 2 8
7 10 17
5 14 19
17 0 17
0 2 2
6 5 11
15 14 29
9 17 26
5 19 24
6 4 10
7 13 20
17 14 31
6 0 6
19 1 20
3 0 3
8 13 21
5 17 22
19 2 21
2 13 15
0 14 14
2 14 16
14 0 14
18 0 18
3 9 12
15 16 31
10 14 24
15 6 21
0 7 7
13 1 14
16 1 17
7 5 12
19 16 35
4 19 23
5 17 22
14 0 14
1 8 9
8 14 22
11 7 18
15 12 27
2 0 2
0 9 9
9 12 21
10 5 15
3 5 8
5 18 23
2 7 9
19 17 36
19 9 28
19 14 33
2 19 21
17 8 25
16 18 34
3 7 10
9 10 19
18 7 25
9 15 24
7 17 24
13 12 25
14 7 21
15 7 22
8 16 24
2 3 5
7 19 26
0 13 13
7 6 13
6 15 21
10 0 10
19 18 37
15 19 34
19 9 28
17 8 25
0 1 1
18 15 33
19 6 25
2 7 9
15 7 22
10 7 17
4 16 20
7 14 21
11 10 21
10 15 25
3 17 20
1 7 8
2 12 14
10 7 17
8 9 17
15 10 25
13 4 17
4 7 11
7 9 16
9 14 23
1 8 9
12 17 29
0 0 0
14 15 29
4 5 9
19 13 32
4 14 18
6 11 17
2 18 20
19 2 21
8 0 8
15 6 21
8 8 16
15 5 20
0 12 12
0 8 8
16 5 21
13 6 19
6 4 10
4 0 4
17 9 26
16 7 23
14 13 27
14 18 32
3 5 8
2 13 15
9 9 18
4 9 13
6 5 11
7 19 26
17 3 20
3 8 11
3 12 15
7 17 24
1 6 7
14 4 18
14 0 14
9 19 28
14 5 19
19 19 38
8 15 23
16 17 33
7 2 9
3 5 8
11 5 16
0 18 18
5 14 19
8 14 22
9 7 16
4 12 16
1 8 9
15 2 17
7 13 20
17 6 23
18 6 24
12 10 22
16 15 31
19 18 37
2 9 11
5 5 10
16 13 29
16 9 25
13 14 27
3 1 4
13 14 27
18 13 31
14 5 19
0 17 17
16 7 23
7 15 22
5 11 16
8 1 9
5 6 11
7 16 23
17 2 19
14 2 16
1 0 1
11 17 28
1 11 12
15 19 34
13 7 20
7 13 20
13 13 26
1 3 4
18 3 21
8 15 23
14 16 30
3 3 6
14 11 25
6 3 9
5 15 20
8 12 20
10 15 25
13 13 26
5 17 22
13 18 31
7 12 19
1 12 13
11 17 28
1 9 10
2 11 13
3 4 7
18 11 29
16 10 26
7 9 16
8 5 13
16 11 27
5 10 15
17 15 32
3 0 3
0 14 14
16 10 26
18 17 35
18 19 37
0 15 15
19 14 33
4 8 12
0 14 14
0 16 16
11 2 13
4 15 19
10 1 11
9 13 22
8 17 25
19 18 37
7 15 22
16 6 22
2 13 15
19 15 34
2 13 15
4 7 11
12 15 27
0 3 3
12 19 31
17 18 35
17 19 36
10 0 10
13 4 17
10 6 16
13 3 16
3 12 15
7 1 8
7 13 20
10 16 26
14 17 31
18 11 29
3 11 14
0 11 11
8 12 20
18 4 22
17 9 26
6 16 22
3 5 8
18 7 25
12 9 21
5 13 18
16 18 34
13 2 15
16 1 17
1 0 1
14 2 16
9 3 12
14 3 17
6 11 17
4 15 19
8 6 14
4 16 20
16 16 32
5 15 20
8 0 8
8 17 25
6 11 17
4 7 11
18 12 30
5 4 9
6 3 9
16 4 20
9 9 18
16 2 18
7 16 23
19 6 25
1 5 6
19 15 34
9 16 25
8 10 18
15 13 28
11 2 13
10 14 24
13 16 29
3 2 5
3 6 9
18 14 32
8 4 12
12 16 28
0 19 19
11 15 26
4 11 15
17 12 29
18 17 35
4 1 5
12 8 20
1 17 18
2 11 13
15 8 23
11 13 24
19 3 22
19 19 38
6 14 20
17 6 23
2 7 9
7 0 7
10 6 16
12 1 13
1 15 16
0 6 6
7 6 13
14 8 22
11 18 29
16 5 21
8 6 14
15 2 17
4 16 20
16 10 26
9 0 9
9 15 24
5 19 24
12 10 22
15 17 32
8 19 27
7 9 16
1 4 5
9 19 28
4 4 8
4 0 4
15 16 31
10 15 25
12 8 20
4 16 20
15 17 32
13 15 28
6 2 8
12 6 18
18 15 33
4 7 11
14 8 22
17 19 36
3 12 15
11 1 12
5 5 10
2 16 18
19 12 31
15 1 16
15 7 22
6 5 11
11 13 24
14 2 16
8 17 25
10 2 12
14 4 18
7 9 16
13 2 15
17 6 23
5 3 8
11 1 12
5 5 10
14 19 33
12 10 22
3 1 4
13 5 18
11 13 24
13 18 31
17 16 33
11 2 13
4 8 12
0 11 11
3 2 5
5 0 5
16 2 18
18 2 20
8 17 25
0 10 10
0 18 18
5 4 9
17 12 29
14 19 33
15 4 19
18 8 26
19 10 29
6 18 24
8 0 8
0 7 7
17 1 18
15 6 21
0 8 8
11 11 22
16 16 32
10 18 28
8 9 17
10 19 29
11 6 17
17 14 31
5 16 21
4 14 18
15 18 33
2 2 4
14 15 29
7 5 12
4 14 18
15 13 28
16 6 22
4 13 17
7 13 20
1 14 15
2 3 5
1 2 3
14 2 16
8 8 16
3 19 22
10 9 19
9 3 12
16 10 26
14 11 25
6 12 18
2 13 15
2 12 14
5 10 15
10 3 13
17 1 18
4 2 6
2 9 11
11 4 15
11 14 25
12 2 14
4 11 15
5 3 8
13 14 27
4 7 11
1 1 2
7 10 17
16 18 34
5 9 14
1 14 15
13 12 25
16 10 26
1 15 16
1 19 20
7 3 10
9 11 20
5 10 15
4 19 23
14 12 26
4 5 9
0 15 15
16 0 16
16 1 17
7 0 7
1 12 13
13 2 15
11 18 29
8 3 11
4 4 8
11 12 23
10 2 12
10 16 26
9 14 23
16 11 27
3 6 9
12 13 25
10 2 12
10 14 24
13 17 30
5 19 24
0 16 16
16 7 23
17 11 28
14 3 17
3 15 18
6 16 22
14 16 30
8 0 8
19 13 32
12 7 19
1 9 10
6 16 22
14 11 25
19 6 25
11 0 11
7 1 8
19 14 33
1 11 12
17 6 23
9 1 10
2 13 15
15 12 27
3 18 21
17 6 23
13 12 25
15 17 32
19 12 31
7 3 10
5 17 22
16 19 35
12 1 13
7 1 8
14 4 18
15 15 30
13 9 22
9 13 22
13 2 15
19 14 33
19 17 36
5 0 5
11 6 17
3 19 22
16 2 18
15 14 29
1 4 5
2 11 13
15 11 26
12 18 30
11 11 22
15 17 32
9 2 11
8 16 24
1 4 5
10 4 14
1 17 18
4 9 13
6 12 18
1 7 8
2 9 11
2 14 16
9 14 23
8 15 23
19 12 31
0 3 3
6 17 23
3 6 9
16 18 34
13 19 32
7 9 16
6 0 6
8 1 9
3 6 9
4 1 5
15 13 28
8 5 13
12 15 27
18 4 22
8 1 9
4 11 15
9 9 18
18 10 28
11 16 27
0 3 3
4 13 17
13 2 15
17 2 19
10 6 16
13 15 28
4 12 16
15 13 28
6 9 15
7 16 23
2 18 20
1 2 3
17 14 31
14 8 22
12 16 28
12 17 29
11 4 15
12 10 22
15 12 27
3 18 21
0 13 13
1 4 5
16 6 22
8 15 23
13 0 13
1 5 6
2 1 3
10 6 16
9 14 23
1 3 4
6 0 6
7 6 13
16 19 35
5 2 7
16 10 26
19 8 27
8 19 27
13 5 18
19 14 33
17 19 36
2 7 9
19 11 30
4 0 4
8 16 24
2 17 19
5 11 16
5 3 8
18 2 20
13 1 14
10 8 18
5 8 13
17 19 36
16 10 26
8 18 26
2 1 3
2 19 21
16 10 26
16 11 27
2 13 15
6 7 13
18 1 19
6 15 21
0 13 13
2 13 15
17 2 19
5 12 17
10 4 14
10 1 11
11 0 11
17 7 24
18 1 19
16 7 23
18 3 21
9 10 19
13 13 26
10 10 20
3 9 12
13 17 30
16 5 21
4 18 22
5 10 15
11 2 13
14 3 17
12 13 25
13 5 18
10 2 12
8 14 22
6 3 9
11 14 25
17 7 24
14 5 19
16 18 34
0 7 7
13 6 19
8 10 18
2 14 16
19 4 23
4 15 19
5 6 11
14 17 31
8 13 21
14 2 16
18 6 24
10 1 11
0 5 5
2 13 15
18 4 22
10 3 13
4 11 15
14 0 14
6 19 25
8 19 27
16 3 19
2 15 17
